[0/1] C:\WINDOWS\system32\cmd.exe /C "cd /D C:\Users\diego\Desktop\Ing_en_automatizacion\Tesis_PISDRSL\Microcontroller\Code_ESP-IDF\build && C:\ESP\tools\cmake\3.30.2\bin\cmake.exe -D IDF_SIZE_TOOL=C:/ESP/python_env/idf5.4_py3.11_env/Scripts/python.exe;-m;esp_idf_size -D IDF_SIZE_MODE=--archives -D MAP_FILE=C:/Users/diego/Desktop/Ing_en_automatizacion/Tesis_PISDRSL/Microcontroller/Code_ESP-IDF/build/Code_ESP-IDF.map -D OUTPUT_JSON= -P C:/Users/diego/esp/v5.4/esp-idf/tools/cmake/run_size_tool.cmake"
                                                                                  Per-archive contributions to ELF file                                                                                   
+--------------------------------------------------------------------------------------------------------------------------------------------------------------------------------------------------------+
| Archive File            | Total Size | DRAM | .bss | .data |  IRAM | .text | .vectors | Flash Code |  .text | Flash Data | .rodata | .appdesc | RTC FAST | .force_fast | RTC SLOW | .rtc_slow_reserved |
|-------------------------+------------+------+------+-------+-------+-------+----------+------------+--------+------------+---------+----------+----------+-------------+----------+--------------------|
| libnet80211.a           |     144829 | 9499 | 8432 |  1067 |  5398 |  5398 |        0 |     117078 | 117078 |      12854 |   12854 |        0 |        0 |           0 |        0 |                  0 |
| liblwip.a               |      93122 | 2122 | 2110 |    12 |     0 |     0 |        0 |      87239 |  87239 |       3761 |    3761 |        0 |        0 |           0 |        0 |                  0 |
| libmbedcrypto.a         |      74363 |  141 |   81 |    60 |     0 |     0 |        0 |      67239 |  67239 |       6983 |    6983 |        0 |        0 |           0 |        0 |                  0 |
| libpp.a                 |      69046 | 4099 | 1476 |  2623 | 20848 | 20848 |        0 |      39147 |  39147 |       4952 |    4952 |        0 |        0 |           0 |        0 |                  0 |
| libwpa_supplicant.a     |      64172 | 1329 | 1321 |     8 |     0 |     0 |        0 |      61235 |  61235 |       1608 |    1608 |        0 |        0 |           0 |        0 |                  0 |
| libesp_app_format.a     |      59014 |   10 |   10 |     0 |     0 |     0 |        0 |        417 |    417 |      58587 |   58331 |      256 |        0 |           0 |        0 |                  0 |
| libc.a                  |      56796 |  576 |  316 |   260 |     0 |     0 |        0 |      52800 |  52800 |       3420 |    3420 |        0 |        0 |           0 |        0 |                  0 |
| libphy.a                |      45182 | 1219 |  635 |   584 |  8994 |  8994 |        0 |      34969 |  34969 |          0 |       0 |        0 |        0 |           0 |        0 |                  0 |
| libfreertos.a           |      21068 | 3841 |  741 |  3100 | 15494 | 15494 |        0 |        479 |    479 |       1254 |    1254 |        0 |        0 |           0 |        0 |                  0 |
| libesp_hw_support.a     |      15796 |  364 |   92 |   272 |  5714 |  5714 |        0 |       8665 |   8665 |       1001 |    1001 |        0 |       28 |          28 |       24 |                 24 |
| libnvs_flash.a          |      15099 |   28 |   28 |     0 |     0 |     0 |        0 |      14819 |  14819 |        252 |     252 |        0 |        0 |           0 |        0 |                  0 |
| libhal.a                |      14363 | 3960 |    8 |  3952 |  5911 |  5911 |        0 |       4367 |   4367 |        125 |     125 |        0 |        0 |           0 |        0 |                  0 |
| libesp_system.a         |      13712 |  793 |  313 |   480 |  4395 |  4395 |        0 |       7855 |   7855 |        669 |     669 |        0 |        0 |           0 |        0 |                  0 |
| libheap.a               |      12112 |   12 |    8 |     4 |  7359 |  7359 |        0 |       3127 |   3127 |       1614 |    1614 |        0 |        0 |           0 |        0 |                  0 |
| libspi_flash.a          |      11576 | 1348 |   24 |  1324 |  8890 |  8890 |        0 |        870 |    870 |        468 |     468 |        0 |        0 |           0 |        0 |                  0 |
| libesp_driver_mcpwm.a   |       8110 |   20 |   20 |     0 |     0 |     0 |        0 |       7404 |   7404 |        686 |     686 |        0 |        0 |           0 |        0 |                  0 |
| libesp_driver_uart.a    |       7290 |  228 |   32 |   196 |     0 |     0 |        0 |       6461 |   6461 |        601 |     601 |        0 |        0 |           0 |        0 |                  0 |
| libesp_netif.a          |       5962 |   33 |   29 |     4 |     0 |     0 |        0 |       5754 |   5754 |        175 |     175 |        0 |        0 |           0 |        0 |                  0 |
| libvfs.a                |       5191 |  236 |   44 |   192 |     0 |     0 |        0 |       4797 |   4797 |        158 |     158 |        0 |        0 |           0 |        0 |                  0 |
| libesp_driver_gpio.a    |       5182 |   36 |    0 |    36 |     0 |     0 |        0 |       4546 |   4546 |        600 |     600 |        0 |        0 |           0 |        0 |                  0 |
| libesp_wifi.a           |       4315 |  527 |   47 |   480 |   342 |   342 |        0 |       3405 |   3405 |         41 |      41 |        0 |        0 |           0 |        0 |                  0 |
| libesp_mm.a             |       4035 |  160 |  124 |    36 |  1004 |  1004 |        0 |       2657 |   2657 |        214 |     214 |        0 |        0 |           0 |        0 |                  0 |
| libesp_driver_pcnt.a    |       3539 |   12 |   12 |     0 |   303 |   303 |        0 |       3044 |   3044 |        180 |     180 |        0 |        0 |           0 |        0 |                  0 |
| libesp_timer.a          |       3451 |   56 |   24 |    32 |  1624 |  1624 |        0 |       1636 |   1636 |        135 |     135 |        0 |        0 |           0 |        0 |                  0 |
| libxtensa.a             |       3410 | 1044 |    0 |  1044 |  2213 |  1789 |      424 |        117 |    117 |         36 |      36 |        0 |        0 |           0 |        0 |                  0 |
| libnewlib.a             |       3299 |  360 |  200 |   160 |  1529 |  1529 |        0 |       1299 |   1299 |        111 |     111 |        0 |        0 |           0 |        0 |                  0 |
| libesp_rom.a            |       3256 |    0 |    0 |     0 |   206 |   206 |        0 |          0 |      0 |       3050 |    3050 |        0 |        0 |           0 |        0 |                  0 |
| libesp_event.a          |       3109 |    4 |    4 |     0 |     0 |     0 |        0 |       2964 |   2964 |        141 |     141 |        0 |        0 |           0 |        0 |                  0 |
| libesp_phy.a            |       2388 |   53 |   36 |    17 |   235 |   235 |        0 |       1856 |   1856 |        244 |     244 |        0 |        0 |           0 |        0 |                  0 |
| libbootloader_support.a |       2178 |    0 |    0 |     0 |  2044 |  2044 |        0 |         94 |     94 |         40 |      40 |        0 |        0 |           0 |        0 |                  0 |
| libsoc.a                |       2040 |   40 |    0 |    40 |    37 |    37 |        0 |         39 |     39 |       1924 |    1924 |        0 |        0 |           0 |        0 |                  0 |
| libesp_partition.a      |       1937 |    8 |    8 |     0 |     0 |     0 |        0 |       1761 |   1761 |        168 |     168 |        0 |        0 |           0 |        0 |                  0 |
| libesp_common.a         |       1809 |    0 |    0 |     0 |     0 |     0 |        0 |         51 |     51 |       1758 |    1758 |        0 |        0 |           0 |        0 |                  0 |
| liblog.a                |       1653 |  280 |  272 |     8 |   271 |   271 |        0 |       1054 |   1054 |         48 |      48 |        0 |        0 |           0 |        0 |                  0 |
| libefuse.a              |       1593 |   64 |    4 |    60 |     0 |     0 |        0 |       1348 |   1348 |        181 |     181 |        0 |        0 |           0 |        0 |                  0 |
| libstdc++.a             |       1477 |   21 |   17 |     4 |     0 |     0 |        0 |       1257 |   1257 |        199 |     199 |        0 |        0 |           0 |        0 |                  0 |
| libesp_ringbuf.a        |       1130 |    0 |    0 |     0 |  1033 |  1033 |        0 |          0 |      0 |         97 |      97 |        0 |        0 |           0 |        0 |                  0 |
| libTCP_server.a         |        852 |   24 |   20 |     4 |     0 |     0 |        0 |        828 |    828 |          0 |       0 |        0 |        0 |           0 |        0 |                  0 |
| libAccessPoint.a        |        720 |    0 |    0 |     0 |     0 |     0 |        0 |        720 |    720 |          0 |       0 |        0 |        0 |           0 |        0 |                  0 |
| libesp_vfs_console.a    |        607 |   12 |   12 |     0 |     0 |     0 |        0 |        415 |    415 |        180 |     180 |        0 |        0 |           0 |        0 |                  0 |
| libpthread.a            |        518 |   12 |    4 |     8 |     0 |     0 |        0 |        460 |    460 |         46 |      46 |        0 |        0 |           0 |        0 |                  0 |
| libxt_hal.a             |        475 |    0 |    0 |     0 |   443 |   443 |        0 |          0 |      0 |         32 |      32 |        0 |        0 |           0 |        0 |                  0 |
| librtc.a                |        456 |    0 |    0 |     0 |   456 |   456 |        0 |          0 |      0 |          0 |       0 |        0 |        0 |           0 |        0 |                  0 |
| libmain.a               |        390 |   84 |   84 |     0 |     0 |     0 |        0 |        230 |    230 |         76 |      76 |        0 |        0 |           0 |        0 |                  0 |
| libcore.a               |        327 |   33 |   33 |     0 |     0 |     0 |        0 |        251 |    251 |         43 |      43 |        0 |        0 |           0 |        0 |                  0 |
| libDCMotor.a            |        305 |    4 |    0 |     4 |     0 |     0 |        0 |        301 |    301 |          0 |       0 |        0 |        0 |           0 |        0 |                  0 |
| libesp_coex.a           |        289 |    0 |    0 |     0 |   118 |   118 |        0 |        171 |    171 |          0 |       0 |        0 |        0 |           0 |        0 |                  0 |
| libEncoder.a            |        234 |    0 |    0 |     0 |     0 |     0 |        0 |        218 |    218 |         16 |      16 |        0 |        0 |           0 |        0 |                  0 |
| libL298N.a              |        230 |    0 |    0 |     0 |     0 |     0 |        0 |        230 |    230 |          0 |       0 |        0 |        0 |           0 |        0 |                  0 |
| libapp_update.a         |        186 |    4 |    4 |     0 |     0 |     0 |        0 |        152 |    152 |         30 |      30 |        0 |        0 |           0 |        0 |                  0 |
| libgcc.a                |         89 |    0 |    0 |     0 |     0 |     0 |        0 |         89 |     89 |          0 |       0 |        0 |        0 |           0 |        0 |                  0 |
| libesp_security.a       |         56 |    4 |    4 |     0 |     0 |     0 |        0 |         44 |     44 |          8 |       8 |        0 |        0 |           0 |        0 |                  0 |
| libcxx.a                |         52 |    0 |    0 |     0 |     0 |     0 |        0 |         52 |     52 |          0 |       0 |        0 |        0 |           0 |        0 |                  0 |
| libesp_pm.a             |         16 |    0 |    0 |     0 |     8 |     8 |        0 |          8 |      8 |          0 |       0 |        0 |        0 |           0 |        0 |                  0 |
| libnvs_sec_provider.a   |          5 |    0 |    0 |     0 |     0 |     0 |        0 |          5 |      5 |          0 |       0 |        0 |        0 |           0 |        0 |                  0 |
| (exe)                   |          3 |    0 |    0 |     0 |     3 |     0 |        3 |          0 |      0 |          0 |       0 |        0 |        0 |           0 |        0 |                  0 |
+--------------------------------------------------------------------------------------------------------------------------------------------------------------------------------------------------------+
