0.000	0.000	2.000
0.010	0.000	2.080
0.020	0.393	2.159
0.030	0.393	2.238
0.040	0.785	2.315
0.050	1.178	2.389
0.060	1.178	2.462
0.070	1.571	2.531
0.080	1.963	2.597
0.090	2.356	2.659
0.100	2.356	2.717
0.110	2.749	2.771
0.120	3.142	2.819
0.130	3.142	2.862
0.140	3.927	2.900
0.150	3.927	2.932
0.160	4.712	2.958
0.170	4.712	2.978
0.180	5.105	2.991
0.190	5.498	2.999
0.200	5.498	3.000
0.210	6.283	2.994
0.220	6.283	2.982
0.230	7.069	2.964
0.240	7.069	2.940
0.250	7.461	2.909
0.260	7.854	2.873
0.270	8.247	2.831
0.280	8.247	2.784
0.290	9.032	2.732
0.300	9.032	2.675
0.310	9.425	2.614
0.320	9.425	2.549
0.330	10.210	2.481
0.340	10.210	2.409
0.350	10.603	2.335
0.360	10.603	2.259
0.370	10.996	2.181
0.380	11.388	2.101
0.390	11.388	2.022
0.400	11.781	1.942
0.410	11.781	1.862
0.420	11.781	1.783
0.430	12.174	1.706
0.440	12.566	1.631
0.450	12.174	1.557
0.460	12.566	1.487
0.470	12.959	1.420
0.480	12.959	1.357
0.490	12.959	1.298
0.500	12.959	1.243
0.510	12.959	1.193
0.520	13.352	1.149
0.530	13.352	1.110
0.540	13.352	1.076
0.550	13.352	1.048
0.560	13.744	1.027
0.570	13.352	1.012
0.580	13.352	1.003
0.590	13.744	1.000
0.600	13.744	1.004
0.610	13.744	1.014
0.620	13.744	1.030
0.630	13.744	1.053
0.640	13.744	1.082
0.650	14.137	1.117
0.660	13.744	1.157
0.670	14.137	1.202
0.680	13.744	1.253
0.690	14.530	1.309
0.700	14.137	1.369
0.710	14.137	1.433
0.720	14.530	1.500
0.730	14.530	1.571
0.740	14.530	1.645
0.750	14.923	1.721
0.760	14.923	1.798
0.770	15.315	1.877
0.780	14.923	1.957
0.790	15.315	2.037
0.800	15.708	2.117
0.810	15.708	2.196
0.820	16.101	2.273
0.830	16.493	2.349
0.840	16.101	2.423
0.850	16.886	2.494
0.860	17.279	2.562
0.870	16.886	2.626
0.880	17.671	2.687
0.890	17.671	2.743
0.900	18.064	2.794
0.910	18.457	2.840
0.920	18.457	2.880
0.930	18.850	2.916
0.940	19.635	2.945
0.950	19.635	2.968
0.960	19.635	2.985
0.970	20.028	2.996
0.980	20.813	3.000
0.990	20.813	2.998
1.000	20.813	2.989
1.010	21.598	2.975
1.020	21.599	2.954
1.030	21.991	2.926
1.040	22.384	2.893
1.050	22.384	2.855
1.060	23.169	2.810
1.070	23.169	2.761
1.080	23.169	2.707
1.090	23.955	2.648
1.100	23.955	2.585
1.110	23.955	2.518
1.120	24.740	2.448
1.130	24.740	2.375
1.140	24.740	2.300
1.150	25.133	2.223
1.160	25.525	2.144
1.170	25.525	2.065
1.180	25.525	1.985
1.190	26.311	1.905
1.200	25.918	1.826
1.210	26.311	1.748
1.220	26.311	1.671
1.230	26.311	1.597
1.240	26.703	1.525
1.250	26.704	1.456
1.260	26.703	1.391
1.270	26.704	1.329
1.280	27.096	1.272
1.290	26.703	1.220
1.300	27.096	1.172
1.310	27.096	1.130
1.320	27.096	1.093
1.330	27.096	1.063
1.340	27.096	1.038
1.350	27.096	1.019
1.360	27.489	1.007
1.370	27.096	1.001
1.380	27.096	1.001
1.390	27.489	1.008
1.400	27.096	1.021
1.410	27.489	1.040
1.420	27.489	1.066
1.430	27.096	1.097
1.440	27.882	1.134
1.450	27.096	1.177
1.460	27.882	1.225
1.470	27.489	1.278
1.480	27.489	1.336
1.490	27.882	1.398
1.500	27.489	1.463
1.510	27.882	1.533
1.520	27.882	1.605
1.530	27.882	1.679
1.540	28.274	1.756
1.550	27.882	1.834
1.560	28.274	1.914
1.570	28.667	1.994
1.580	28.667	2.074
1.590	28.667	2.153
1.600	28.667	2.232
1.610	29.453	2.309
1.620	29.060	2.384
1.630	29.453	2.456
1.640	29.452	2.526
1.650	29.845	2.592
1.660	30.238	2.655
1.670	30.630	2.713
1.680	30.238	2.767
1.690	31.023	2.816
1.700	31.023	2.859
1.710	31.416	2.897
1.720	31.416	2.930
1.730	31.809	2.956
1.740	32.201	2.977
1.750	32.201	2.991
1.760	32.594	2.998
1.770	32.986	3.000
1.780	32.987	2.995
1.790	33.379	2.983
1.800	33.772	2.966
1.810	33.772	2.942
1.820	34.165	2.912
1.830	34.557	2.876
1.840	34.557	2.835
1.850	34.950	2.788
1.860	34.950	2.737
1.870	35.736	2.680
1.880	35.343	2.619
1.890	35.736	2.555
1.900	36.128	2.486
1.910	36.129	2.415
1.920	36.128	2.341
1.930	36.521	2.265
1.940	36.914	2.187
1.950	36.521	2.108
1.960	36.914	2.028
1.970	36.914	1.948
1.980	37.307	1.868
1.990	37.306	1.790
2.000	37.307	1.712
2.010	37.307	1.636
2.020	37.699	1.563
2.030	37.699	1.493
2.040	37.307	1.425
2.050	37.699	1.362
2.060	37.699	1.302
2.070	37.699	1.247
2.080	37.699	1.197
2.090	37.699	1.152
2.100	37.699	1.112
2.110	37.699	1.078
2.120	37.699	1.050
2.130	37.699	1.028
2.140	37.699	1.013
2.150	37.699	1.003
2.160	37.306	1.000
2.170	37.699	1.003
2.180	37.699	1.013
2.190	37.307	1.029
2.200	37.699	1.051
2.210	37.306	1.079
2.220	37.699	1.114
2.230	37.699	1.153
2.240	37.307	1.199
2.250	37.306	1.249
2.260	37.699	1.304
2.270	37.307	1.364
2.280	37.699	1.427
2.290	37.306	1.495
2.300	37.699	1.565
2.310	37.699	1.639
2.320	37.699	1.714
2.330	37.699	1.792
2.340	37.699	1.871
2.350	38.092	1.950
2.360	38.092	2.030
2.370	38.092	2.110
2.380	38.092	2.189
2.390	38.485	2.267
2.400	38.485	2.343
2.410	38.485	2.417
2.420	38.877	2.489
2.430	38.877	2.557
2.440	39.270	2.621
2.450	39.270	2.682
2.460	39.270	2.738
2.470	39.663	2.790
2.480	39.663	2.836
2.490	40.055	2.877
2.500	40.448	2.913
2.510	40.055	2.943
2.520	40.841	2.966
2.530	40.841	2.984
2.540	41.233	2.995
2.550	41.233	3.000
2.560	41.233	2.998
2.570	42.019	2.990
2.580	41.626	2.976
2.590	42.019	2.955
2.600	42.411	2.929
2.610	42.411	2.896
2.620	42.804	2.858
2.630	42.805	2.814
2.640	43.197	2.765
2.650	43.197	2.711
2.660	43.197	2.653
2.670	43.982	2.590
2.680	43.590	2.524
2.690	43.590	2.454
2.700	43.982	2.381
2.710	44.376	2.306
2.720	43.982	2.229
2.730	44.375	2.151
2.740	44.375	2.071
2.750	44.376	1.991
2.760	44.768	1.911
2.770	44.375	1.832
2.780	44.768	1.754
2.790	44.375	1.677
2.800	45.160	1.602
2.810	44.376	1.530
2.820	45.160	1.461
2.830	44.375	1.396
2.840	45.161	1.334
2.850	44.375	1.277
2.860	44.768	1.224
2.870	44.768	1.176
2.880	44.375	1.133
2.890	44.768	1.096
2.900	44.375	1.065
2.910	44.376	1.039
2.920	44.375	1.020
2.930	44.375	1.007
2.940	44.375	1.001
2.950	43.983	1.001
2.960	44.375	1.007
2.970	43.982	1.020
2.980	44.376	1.038
2.990	43.982	1.063
3.000	43.983	1.094
3.010	43.589	1.131
3.020	43.983	1.174
3.030	43.982	1.221
3.040	43.590	1.274
3.050	43.983	1.331
3.060	43.589	1.393
3.070	43.590	1.458
3.080	43.590	1.527
3.090	43.982	1.599
3.100	43.590	1.673
3.110	43.983	1.750
3.120	43.589	1.828
3.130	43.983	1.907
3.140	43.590	1.987
3.150	43.982	2.067
3.160	43.982	2.147
3.170	44.376	2.225
3.180	43.982	2.302
3.190	44.375	2.378
3.200	43.983	2.450
3.210	44.768	2.520
3.220	44.768	2.587
3.230	44.375	2.650
3.240	45.161	2.708
3.250	44.767	2.763
3.260	45.161	2.812
3.270	45.553	2.856
3.280	45.554	2.894
3.290	45.553	2.927
3.300	45.946	2.954
3.310	45.946	2.975
3.320	45.946	2.990
3.330	46.732	2.998
3.340	46.339	3.000
3.350	46.731	2.995
3.360	46.732	2.984
3.370	47.124	2.967
3.380	47.124	2.944
3.390	47.517	2.915
3.400	47.517	2.879
3.410	47.517	2.838
3.420	47.910	2.792
3.430	47.909	2.741
3.440	47.910	2.685
3.450	48.302	2.624
3.460	48.302	2.560
3.470	48.302	2.492
3.480	48.695	2.421
3.490	48.695	2.347
3.500	48.695	2.271
3.510	48.695	2.193
3.520	49.087	2.114
3.530	48.695	2.034
3.540	49.088	1.954
3.550	49.088	1.875
3.560	48.695	1.796
3.570	49.088	1.718
3.580	49.088	1.642
3.590	49.088	1.569
3.600	49.087	1.498
3.610	48.695	1.431
3.620	49.087	1.367
3.630	48.695	1.307
3.640	49.088	1.252
3.650	48.695	1.201
3.660	48.695	1.155
3.670	48.695	1.115
3.680	48.695	1.081
3.690	48.302	1.052
3.700	48.302	1.030
3.710	48.695	1.014
3.720	47.909	1.004
3.730	48.302	1.000
3.740	47.909	1.003
3.750	47.910	1.012
3.760	48.302	1.027
3.770	47.517	1.049
3.780	47.910	1.077
3.790	47.517	1.111
3.800	47.517	1.150
3.810	47.517	1.195
3.820	47.517	1.245
3.830	47.517	1.300
3.840	47.124	1.359
3.850	47.124	1.422
3.860	47.517	1.489
3.870	47.124	1.560
3.880	47.124	1.633
3.890	47.517	1.708
3.900	47.124	1.786
3.910	47.124	1.864
3.920	47.517	1.944
3.930	47.124	2.024
3.940	47.517	2.104
3.950	47.124	2.183
3.960	47.517	2.261
3.970	47.517	2.337
3.980	47.517	2.411
3.990	47.517	2.483
4.000	47.909	2.551
4.010	47.909	2.616
4.020	47.910	2.677
4.030	47.910	2.734
4.040	48.302	2.786
4.050	48.302	2.833
4.060	48.695	2.874
4.070	48.695	2.910
4.080	48.695	2.940
4.090	48.695	2.965
4.100	49.088	2.983
4.110	49.088	2.994
4.120	49.480	3.000
4.130	49.480	2.999
4.140	49.873	2.991
4.150	49.480	2.977
4.160	50.266	2.957
4.170	49.873	2.931
4.180	50.266	2.899
4.190	50.266	2.861
4.200	50.658	2.818
4.210	50.658	2.769
4.220	50.658	2.716
4.230	50.658	2.658
4.240	51.051	2.595
4.250	51.051	2.529
4.260	51.051	2.460
4.270	51.443	2.387
4.280	51.443	2.312
4.290	51.051	2.235
4.300	51.443	2.157
4.310	51.444	2.077
4.320	51.443	1.997
4.330	51.443	1.918
4.340	51.443	1.838
4.350	51.443	1.760
4.360	51.443	1.683
4.370	51.443	1.608
4.380	51.051	1.536
4.390	51.836	1.467
4.400	51.051	1.401
4.410	51.051	1.339
4.420	51.444	1.281
4.430	51.051	1.228
4.440	51.051	1.179
4.450	51.051	1.136
4.460	51.051	1.099
4.470	50.658	1.067
4.480	50.266	1.041
4.490	50.658	1.022
4.500	50.658	1.008
4.510	50.266	1.001
4.520	50.266	1.001
4.530	50.266	1.006
4.540	49.873	1.018
4.550	50.266	1.037
4.560	49.873	1.061
4.570	49.873	1.092
4.580	49.480	1.128
4.590	49.873	1.170
4.600	49.480	1.217
4.610	49.480	1.270
4.620	49.088	1.326
4.630	49.480	1.388
4.640	49.088	1.453
4.650	49.480	1.521
4.660	49.480	1.593
4.670	48.695	1.667
4.680	49.480	1.744
4.690	49.088	1.822
4.700	49.087	1.901
4.710	49.088	1.981
4.720	49.480	2.061
4.730	49.088	2.141
4.740	49.087	2.219
4.750	49.480	2.296
4.760	49.088	2.372
4.770	49.480	2.445
4.780	49.480	2.515
4.790	49.873	2.582
4.800	49.480	2.645
4.810	49.873	2.704
4.820	49.873	2.759
4.830	50.266	2.808
4.840	49.873	2.853
4.850	50.266	2.892
4.860	50.658	2.925
4.870	50.266	2.952
4.880	50.658	2.974
4.890	51.051	2.989
4.900	51.051	2.998
4.910	51.051	3.000
4.920	51.051	2.996
4.930	51.444	2.986
4.940	51.443	2.969
4.950	51.836	2.946
4.960	51.836	2.917
4.970	51.836	2.882
4.980	51.836	2.842
4.990	52.229	2.796
5.000	52.229	2.745
5.010	52.229	2.689
5.020	52.621	2.629
5.030	52.229	2.565
5.040	53.014	2.497
5.050	52.229	2.426
5.060	53.014	2.353
5.070	52.622	2.277
5.080	53.014	2.199
5.090	52.621	2.120
5.100	53.014	2.041
5.110	53.014	1.961
5.120	52.621	1.881
5.130	53.014	1.802
5.140	53.014	1.724
5.150	52.621	1.648
5.160	53.014	1.575
5.170	53.014	1.504
5.180	52.622	1.436
5.190	52.621	1.372
5.200	52.621	1.311
5.210	52.622	1.256
5.220	52.229	1.205
5.230	52.229	1.159
5.240	52.229	1.118
5.250	52.229	1.083
5.260	51.836	1.054
5.270	52.229	1.031
5.280	51.836	1.015
5.290	51.444	1.004
5.300	51.836	1.000
5.310	51.444	1.002
5.320	51.443	1.011
5.330	51.051	1.026
5.340	51.443	1.047
5.350	50.658	1.075
5.360	51.051	1.108
5.370	51.051	1.147
5.380	50.658	1.191
5.390	50.658	1.241
5.400	50.658	1.295
5.410	50.658	1.354
5.420	50.266	1.417
5.430	50.266	1.484
5.440	50.658	1.554
5.450	50.266	1.627
5.460	50.266	1.703
5.470	50.266	1.780
5.480	50.266	1.858
5.490	50.266	1.938
5.500	50.265	2.018
5.510	50.266	2.098
5.520	50.266	2.177
5.530	50.266	2.255
5.540	50.266	2.332
5.550	50.658	2.406
5.560	50.266	2.478
5.570	50.658	2.546
5.580	50.658	2.612
5.590	50.658	2.673
5.600	50.658	2.730
5.610	51.051	2.782
5.620	51.051	2.829
5.630	51.051	2.871
5.640	51.443	2.908
5.650	51.443	2.938
5.660	51.443	2.963
5.670	51.444	2.981
5.680	51.836	2.994
5.690	51.836	2.999
5.700	52.229	2.999
5.710	52.229	2.992
5.720	52.229	2.979
5.730	52.229	2.959
5.740	52.621	2.933
5.750	52.622	2.902
5.760	53.014	2.864
5.770	53.014	2.821
5.780	53.014	2.773
5.790	53.014	2.720
5.800	53.407	2.662
5.810	53.407	2.600
5.820	53.407	2.534
5.830	53.407	2.465
5.840	53.407	2.393
5.850	53.407	2.318
5.860	53.407	2.241
5.870	53.800	2.163
5.880	53.800	2.083
5.890	53.800	2.004
5.900	53.800	1.924
5.910	53.407	1.844
5.920	53.800	1.766
5.930	53.407	1.689
5.940	53.407	1.614
5.950	53.800	1.541
5.960	53.407	1.472
5.970	53.407	1.406
5.980	53.407	1.343
5.990	53.014	1.285
6.000	53.407	1.232
6.010	53.014	1.183
6.020	53.014	1.139
6.030	53.014	1.101
6.040	52.622	1.069
6.050	52.622	1.043
6.060	52.622	1.023
6.070	52.229	1.009
6.080	52.229	1.001
6.090	52.229	1.000
6.100	52.229	1.006
6.110	51.836	1.017
6.120	51.836	1.035
6.130	51.836	1.059
6.140	51.443	1.089
6.150	51.444	1.125
6.160	51.444	1.167
6.170	51.443	1.214
6.180	51.051	1.265
6.190	51.051	1.322
6.200	51.051	1.383
6.210	51.051	1.448
6.220	50.658	1.516
6.230	51.051	1.588
6.240	50.658	1.662
6.250	51.051	1.738
6.260	51.051	1.816
6.270	50.658	1.895
6.280	50.658	1.975
6.290	51.051	2.055
6.300	50.658	2.135
6.310	50.658	2.213
6.320	51.051	2.291
6.330	50.658	2.366
6.340	51.051	2.439
6.350	51.051	2.510
6.360	51.051	2.577
6.370	51.444	2.640
6.380	51.051	2.700
6.390	51.444	2.755
6.400	51.444	2.805
6.410	51.444	2.849
6.420	51.836	2.889
6.430	51.836	2.923
6.440	51.836	2.951
6.450	51.836	2.972
6.460	52.622	2.988
6.470	52.229	2.997
6.480	52.229	3.000
6.490	52.622	2.996
6.500	52.622	2.987
6.510	53.014	2.970
6.520	53.014	2.948
6.530	53.014	2.919
6.540	53.014	2.885
6.550	53.407	2.845
6.560	53.407	2.800
6.570	53.407	2.749
6.580	53.407	2.694
6.590	53.800	2.634
6.600	53.800	2.570
6.610	53.800	2.503
6.620	53.800	2.432
6.630	54.192	2.358
6.640	53.800	2.283
6.650	54.192	2.205
6.660	53.800	2.126
6.670	53.800	2.047
6.680	54.193	1.967
6.690	54.192	1.887
6.700	53.800	1.808
6.710	54.192	1.730
6.720	53.800	1.654
6.730	53.800	1.580
6.740	54.192	1.509
6.750	53.800	1.441
6.760	53.407	1.376
6.770	53.800	1.316
6.780	53.407	1.260
6.790	53.407	1.208
6.800	53.407	1.162
6.810	53.407	1.121
6.820	53.014	1.086
6.830	53.407	1.056
6.840	52.622	1.033
6.850	53.014	1.016
6.860	52.622	1.005
6.870	52.229	1.000
6.880	52.622	1.002
6.890	52.622	1.010
6.900	51.836	1.025
6.910	51.836	1.045
6.920	52.229	1.072
6.930	51.836	1.105
6.940	51.836	1.144
6.950	51.443	1.188
6.960	51.836	1.237
6.970	51.443	1.291
6.980	51.444	1.350
6.990	51.051	1.412
7.000	51.443	1.479
7.010	51.051	1.549
7.020	51.051	1.622
7.030	51.051	1.697
7.040	51.051	1.774
7.050	51.051	1.852
7.060	51.051	1.932
7.070	51.051	2.012
7.080	51.051	2.092
7.090	51.051	2.171
7.100	51.051	2.249
7.110	51.051	2.326
7.120	51.444	2.400
7.130	51.051	2.472
7.140	51.051	2.541
7.150	51.443	2.607
7.160	51.443	2.668
7.170	51.443	2.726
7.180	51.444	2.778
7.190	51.836	2.826
7.200	51.836	2.868
7.210	51.836	2.905
7.220	52.229	2.936
7.230	52.229	2.961
7.240	52.229	2.980
7.250	52.229	2.993
7.260	52.622	2.999
7.270	52.621	2.999
7.280	53.014	2.993
7.290	52.622	2.980
7.300	53.014	2.961
7.310	53.407	2.936
7.320	53.407	2.904
7.330	53.407	2.867
7.340	53.407	2.825
7.350	53.407	2.777
7.360	53.800	2.724
7.370	53.800	2.667
7.380	53.800	2.605
7.390	53.800	2.539
7.400	54.192	2.470
7.410	53.800	2.398
7.420	54.192	2.324
7.430	54.193	2.247
7.440	54.192	2.169
7.450	54.192	2.090
7.460	54.193	2.010
7.470	54.192	1.930
7.480	54.192	1.850
7.490	54.193	1.772
7.500	53.800	1.695
7.510	54.192	1.619
7.520	53.800	1.547
7.530	53.800	1.477
7.540	54.192	1.411
7.550	53.800	1.348
7.560	53.800	1.289
7.570	53.407	1.235
7.580	53.407	1.186
7.590	53.407	1.143
7.600	53.407	1.104
7.610	53.407	1.071
7.620	53.014	1.045
7.630	52.622	1.024
7.640	53.014	1.010
7.650	52.621	1.002
7.660	52.622	1.000
7.670	52.621	1.005
7.680	52.229	1.016
7.690	52.229	1.034
7.700	52.229	1.057
7.710	51.836	1.087
7.720	51.836	1.122
7.730	51.836	1.163
7.740	51.836	1.210
7.750	51.443	1.261
7.760	51.444	1.317
7.770	51.443	1.378
7.780	51.443	1.443
7.790	51.443	1.511
7.800	51.051	1.582
7.810	51.051	1.656
7.820	51.443	1.732
7.830	51.051	1.810
7.840	51.051	1.889
7.850	51.051	1.969
7.860	51.051	2.049
7.870	51.051	2.128
7.880	51.443	2.207
7.890	51.051	2.285
7.900	51.051	2.361
7.910	51.443	2.434
7.920	51.443	2.505
7.930	51.443	2.572
7.940	51.443	2.636
7.950	51.836	2.695
7.960	51.443	2.751
7.970	51.836	2.801
7.980	51.836	2.846
7.990	51.836	2.886
8.000	52.229	2.920
8.010	51.836	2.949
8.020	52.622	2.971
8.030	52.621	2.987
8.040	52.229	2.997
8.050	53.014	3.000
8.060	52.621	2.997
8.070	53.014	2.988
8.080	53.014	2.972
8.090	53.407	2.950
8.100	53.407	2.922
8.110	53.407	2.888
8.120	53.407	2.848
8.130	53.407	2.803
8.140	53.800	2.753
8.150	53.799	2.698
8.160	54.193	2.639
8.170	53.799	2.575
8.180	54.192	2.508
8.190	54.192	2.437
8.200	54.192	2.364
8.210	54.193	2.289
8.220	54.192	2.211
8.230	54.192	2.132
8.240	54.192	2.053
8.250	54.192	1.973
8.260	54.585	1.893
8.270	54.192	1.814
8.280	54.192	1.736
8.290	54.193	1.660
8.300	54.192	1.586
8.310	54.192	1.514
8.320	54.192	1.446
8.330	53.800	1.381
8.340	53.799	1.320
8.350	53.799	1.264
8.360	53.800	1.212
8.370	53.407	1.165
8.380	53.407	1.124
8.390	53.407	1.088
8.400	53.407	1.058
8.410	53.014	1.035
8.420	53.014	1.017
8.430	52.621	1.005
8.440	53.014	1.000
8.450	52.621	1.002
8.460	52.622	1.009
8.470	52.229	1.023
8.480	52.229	1.044
8.490	52.229	1.070
8.500	51.836	1.102
8.510	52.229	1.141
8.520	51.836	1.184
8.530	51.443	1.233
8.540	51.836	1.287
8.550	51.443	1.345
8.560	51.443	1.407
8.570	51.443	1.474
8.580	51.443	1.543
8.590	51.051	1.616
8.600	51.443	1.691
8.610	51.051	1.768
8.620	51.443	1.846
8.630	51.051	1.926
8.640	51.051	2.006
8.650	51.443	2.086
8.660	51.051	2.165
8.670	51.443	2.243
8.680	51.051	2.320
8.690	51.051	2.395
8.700	51.443	2.467
8.710	51.443	2.536
8.720	51.443	2.602
8.730	51.443	2.664
8.740	51.836	2.721
8.750	51.836	2.774
8.760	51.836	2.823
8.770	51.836	2.865
8.780	52.229	2.903
8.790	52.229	2.934
8.800	52.229	2.960
8.810	52.229	2.979
8.820	52.621	2.992
8.830	52.621	2.999
8.840	53.014	2.999
8.850	52.622	2.993
8.860	53.014	2.981
8.870	53.407	2.962
8.880	53.407	2.938
8.890	53.407	2.907
8.900	53.407	2.870
8.910	53.407	2.828
8.920	53.800	2.781
8.930	53.799	2.728
8.940	53.800	2.671
8.950	53.800	2.610
8.960	54.192	2.544
8.970	54.192	2.476
8.980	53.799	2.404
8.990	54.585	2.329
9.000	54.192	2.253
9.010	54.192	2.175
9.020	54.192	2.096
9.030	54.192	2.016
9.040	54.193	1.936
9.050	54.192	1.856
9.060	54.192	1.778
9.070	54.192	1.700
9.080	54.192	1.625
9.090	54.192	1.552
9.100	53.800	1.482
9.110	54.192	1.415
9.120	53.799	1.353
9.130	53.800	1.294
9.140	53.799	1.239
9.150	53.407	1.190
9.160	53.407	1.146
9.170	53.407	1.107
9.180	53.014	1.074
9.190	53.407	1.047
9.200	53.014	1.026
9.210	53.014	1.011
9.220	52.622	1.002
9.230	52.621	1.000
9.240	52.621	1.004
9.250	52.229	1.015
9.260	52.621	1.032
9.270	51.836	1.055
9.280	52.229	1.084
9.290	51.836	1.119
9.300	51.836	1.160
9.310	51.443	1.206
9.320	51.836	1.257
9.330	51.443	1.313
9.340	51.443	1.373
9.350	51.443	1.438
9.360	51.444	1.505
9.370	51.051	1.577
9.380	51.051	1.650
9.390	51.444	1.726
9.400	51.051	1.804
9.410	51.051	1.883
9.420	51.051	1.963
9.430	51.051	2.043
9.440	51.051	2.122
9.450	51.051	2.201
9.460	51.443	2.279
9.470	51.051	2.355
9.480	51.443	2.428
9.490	51.051	2.499
9.500	51.443	2.567
9.510	51.836	2.631
9.520	51.443	2.691
9.530	51.443	2.746
9.540	51.836	2.797
9.550	51.836	2.843
9.560	51.836	2.883
9.570	52.229	2.918
9.580	52.229	2.947
9.590	52.229	2.969
9.600	52.621	2.986
9.610	52.229	2.996
9.620	53.014	3.000
9.630	52.622	2.997
9.640	53.014	2.988
9.650	53.014	2.973
9.660	53.014	2.952
9.670	53.014	2.924
9.680	53.407	2.891
9.690	53.407	2.851
9.700	53.800	2.807
9.710	53.799	2.757
9.720	53.800	2.702
9.730	53.799	2.643
9.740	53.799	2.580
9.750	54.193	2.513
9.760	53.799	2.443
9.770	54.192	2.370
9.780	54.192	2.294
9.790	54.193	2.217
9.800	54.192	2.138
9.810	54.192	2.059
9.820	54.192	1.979
9.830	54.585	1.899
9.840	54.192	1.820
9.850	54.192	1.742
9.860	54.192	1.665
9.870	54.193	1.591
9.880	53.799	1.519
9.890	54.192	1.451
9.900	53.800	1.386
9.910	53.407	1.325
9.920	53.800	1.268
9.930	53.799	1.216
9.940	53.407	1.169
9.950	53.407	1.127
9.960	53.407	1.091
9.970	53.014	1.060
9.980	53.014	1.036
9.990	53.014	1.018
10.000	52.622	1.006
10.010	53.014	1.000
10.020	52.229	1.001
10.030	52.622	1.008
10.040	52.229	1.022
10.050	52.229	1.042
10.060	52.229	1.068
10.070	51.836	1.100
10.080	51.836	1.137
10.090	51.836	1.181
10.100	51.443	1.229
10.110	51.836	1.282
10.120	51.443	1.340
10.130	51.443	1.403
10.140	51.051	1.469
10.150	51.443	1.538
10.160	51.051	1.610
10.170	51.051	1.685
10.180	51.444	1.762
10.190	51.051	1.840
10.200	51.051	1.920
10.210	51.051	2.000
10.220	51.051	2.080
10.230	51.051	2.159
10.240	51.444	2.237
10.250	51.051	2.314
10.260	51.051	2.389
10.270	51.444	2.462
10.280	51.051	2.531
10.290	51.444	2.597
10.300	51.836	2.659
10.310	51.444	2.717
10.320	51.836	2.771
10.330	51.444	2.819
10.340	51.836	2.862
10.350	52.229	2.900
10.360	51.836	2.932
10.370	52.229	2.958
10.380	52.229	2.978
10.390	52.622	2.991
10.400	52.622	2.999
10.410	52.621	3.000
10.420	53.014	2.994
10.430	52.622	2.982
10.440	53.407	2.964
10.450	53.407	2.940
10.460	53.014	2.909
10.470	53.407	2.873
10.480	53.407	2.832
10.490	53.800	2.784
10.500	53.407	2.732
10.510	53.800	2.676
10.520	54.192	2.615
10.530	53.800	2.550
10.540	54.192	2.481
10.550	54.193	2.409
10.560	53.799	2.335
10.570	54.193	2.259
10.580	54.192	2.181
10.590	54.192	2.102
10.600	54.193	2.022
10.610	54.192	1.942
10.620	54.192	1.862
10.630	54.193	1.784
10.640	53.800	1.706
10.650	54.192	1.631
10.660	54.192	1.558
10.670	53.800	1.487
10.680	53.800	1.420
10.690	53.800	1.357
10.700	53.800	1.298
10.710	53.407	1.243
10.720	53.800	1.194
10.730	53.407	1.149
10.740	53.014	1.110
10.750	53.407	1.076
10.760	53.014	1.048
10.770	53.014	1.027
10.780	53.014	1.012
10.790	52.622	1.003
10.800	52.622	1.000
10.810	52.622	1.004
10.820	52.229	1.014
10.830	52.229	1.030
10.840	51.836	1.053
10.850	52.229	1.082
10.860	51.836	1.116
10.870	51.836	1.157
10.880	51.443	1.202
10.890	51.836	1.253
10.900	51.443	1.309
10.910	51.444	1.369
10.920	51.443	1.433
10.930	51.051	1.500
10.940	51.443	1.571
10.950	51.051	1.645
10.960	51.051	1.720
10.970	51.051	1.798
10.980	51.051	1.877
10.990	51.051	1.957
11.000	51.051	2.037
11.010	51.051	2.116
11.020	51.444	2.195
11.030	51.051	2.273
11.040	51.051	2.349
11.050	51.443	2.423
11.060	51.051	2.494
11.070	51.444	2.562
11.080	51.443	2.626
11.090	51.444	2.687
11.100	51.443	2.742
11.110	51.836	2.794
11.120	51.836	2.840
11.130	51.836	2.880
11.140	52.229	2.915
11.150	52.229	2.945
11.160	52.229	2.968
11.170	52.229	2.985
11.180	52.622	2.996
11.190	52.622	3.000
11.200	52.622	2.998
11.210	53.014	2.989
11.220	53.014	2.975
11.230	53.014	2.954
11.240	53.407	2.926
11.250	53.407	2.893
11.260	53.407	2.855
11.270	53.407	2.810
11.280	53.800	2.761
11.290	53.800	2.707
11.300	53.800	2.648
11.310	53.800	2.585
11.320	53.800	2.518
11.330	54.192	2.448
11.340	54.192	2.375
11.350	54.192	2.300
11.360	54.192	2.223
11.370	54.192	2.144
11.380	54.192	2.065
11.390	54.192	1.985
11.400	54.192	1.905
11.410	54.192	1.826
11.420	54.192	1.748
11.430	54.192	1.671
11.440	53.800	1.597
11.450	54.192	1.525
11.460	53.800	1.456
11.470	53.800	1.391
11.480	53.800	1.329
11.490	53.800	1.272
11.500	53.800	1.220
11.510	53.407	1.172
11.520	53.407	1.130
11.530	53.407	1.093
11.540	53.014	1.063
11.550	53.014	1.038
11.560	53.014	1.019
11.570	52.622	1.007
11.580	52.622	1.001
11.590	52.622	1.001
11.600	52.622	1.008
11.610	52.229	1.021
11.620	52.229	1.040
11.630	51.836	1.066
11.640	52.229	1.097
11.650	51.836	1.134
11.660	51.444	1.177
11.670	51.836	1.225
11.680	51.444	1.278
11.690	51.444	1.336
11.700	51.444	1.398
11.710	51.051	1.463
11.720	51.444	1.533
11.730	51.051	1.605
11.740	51.051	1.679
11.750	51.051	1.756
11.760	51.051	1.834
11.770	51.444	1.914
11.780	50.658	1.994
11.790	51.051	2.074
11.800	51.051	2.153
11.810	51.051	2.232
11.820	51.051	2.309
11.830	51.444	2.384
11.840	51.051	2.456
11.850	51.444	2.526
11.860	51.443	2.592
11.870	51.444	2.655
11.880	51.443	2.713
11.890	51.444	2.767
11.900	51.836	2.816
11.910	51.836	2.859
11.920	51.836	2.897
11.930	51.836	2.930
11.940	52.229	2.956
11.950	52.622	2.977
11.960	52.229	2.991
11.970	52.622	2.998
11.980	52.622	3.000
11.990	53.014	2.995
12.000	52.622	2.983
12.010	53.014	2.966
12.020	53.407	2.942
12.030	53.407	2.912
12.040	53.407	2.876
12.050	53.407	2.835
12.060	53.407	2.788
12.070	53.800	2.737
12.080	53.799	2.680
12.090	53.800	2.619
12.100	53.800	2.555
12.110	54.193	2.486
12.120	54.192	2.415
12.130	53.800	2.341
12.140	54.192	2.265
12.150	54.192	2.187
12.160	54.193	2.108
12.170	53.800	2.028
12.180	54.585	1.948
12.190	53.800	1.868
12.200	54.585	1.789
12.210	53.800	1.712
12.220	54.192	1.636
12.230	54.193	1.563
12.240	53.799	1.493
12.250	53.800	1.425
12.260	54.193	1.362
12.270	53.407	1.302
12.280	53.800	1.247
12.290	53.407	1.197
12.300	53.407	1.152
12.310	53.407	1.112
12.320	53.014	1.078
12.330	53.407	1.050
12.340	53.014	1.028
12.350	52.621	1.013
12.360	53.014	1.003
12.370	52.229	1.000
12.380	52.621	1.003
12.390	52.229	1.013
12.400	52.229	1.029
12.410	51.836	1.051
12.420	52.229	1.079
12.430	51.836	1.114
12.440	51.836	1.153
12.450	51.443	1.199
12.460	51.443	1.249
12.470	51.836	1.304
12.480	51.443	1.364
12.490	51.051	1.428
12.500	51.443	1.495
12.510	51.051	1.566
12.520	51.051	1.639
12.530	51.051	1.715
12.540	51.051	1.792
12.550	51.051	1.871
12.560	51.051	1.951
12.570	51.051	2.031
12.580	51.051	2.110
12.590	51.051	2.189
12.600	51.051	2.267
12.610	51.051	2.343
12.620	51.051	2.417
12.630	51.444	2.489
12.640	51.051	2.557
12.650	51.443	2.621
12.660	51.443	2.682
12.670	51.836	2.738
12.680	51.443	2.790
12.690	51.836	2.836
12.700	51.836	2.877
12.710	52.229	2.913
12.720	52.229	2.943
12.730	51.836	2.966
12.740	52.621	2.984
12.750	52.622	2.995
12.760	52.229	3.000
12.770	52.621	2.998
12.780	53.015	2.990
12.790	52.621	2.976
12.800	53.407	2.955
12.810	53.014	2.929
12.820	53.407	2.896
12.830	53.407	2.858
12.840	53.799	2.814
12.850	53.407	2.765
12.860	53.800	2.711
12.870	53.799	2.653
12.880	53.799	2.590
12.890	53.800	2.524
12.900	54.192	2.454
12.910	54.192	2.381
12.920	53.800	2.306
12.930	54.585	2.229
12.940	53.799	2.150
12.950	54.192	2.071
12.960	54.192	1.991
12.970	54.192	1.911
12.980	54.193	1.832
12.990	54.192	1.754
13.000	53.799	1.677
13.010	54.192	1.602
13.020	53.800	1.530
13.030	53.799	1.461
13.040	54.192	1.396
13.050	53.800	1.334
13.060	53.799	1.276
13.070	53.407	1.224
13.080	53.407	1.176
13.090	53.407	1.133
13.100	53.407	1.096
13.110	53.014	1.065
13.120	53.014	1.039
13.130	52.622	1.020
13.140	53.014	1.007
13.150	52.621	1.001
13.160	52.621	1.001
13.170	52.229	1.007
13.180	52.229	1.020
13.190	52.229	1.038
13.200	51.836	1.064
13.210	52.229	1.095
13.220	51.836	1.131
13.230	51.443	1.174
13.240	51.443	1.221
13.250	51.444	1.274
13.260	51.836	1.331
13.270	51.051	1.393
13.280	51.443	1.458
13.290	51.443	1.527
13.300	51.051	1.599
13.310	51.051	1.674
13.320	51.051	1.750
13.330	51.051	1.828
13.340	50.658	1.908
13.350	51.051	1.988
13.360	51.051	2.067
13.370	51.051	2.147
13.380	51.051	2.226
13.390	51.051	2.303
13.400	51.051	2.378
13.410	51.443	2.451
13.420	51.051	2.521
13.430	51.051	2.587
13.440	51.836	2.650
13.450	51.443	2.709
13.460	51.443	2.763
13.470	51.443	2.812
13.480	51.836	2.856
13.490	51.836	2.895
13.500	51.836	2.927
13.510	52.229	2.954
13.520	52.622	2.975
13.530	52.229	2.990
13.540	52.621	2.998
13.550	52.622	3.000
13.560	52.621	2.995
13.570	53.014	2.984
13.580	53.014	2.967
13.590	53.014	2.944
13.600	53.014	2.914
13.610	53.407	2.879
13.620	53.407	2.838
13.630	53.800	2.792
13.640	53.407	2.741
13.650	53.799	2.685
13.660	53.799	2.624
13.670	54.193	2.560
13.680	53.799	2.492
13.690	54.192	2.421
13.700	53.800	2.347
13.710	54.192	2.271
13.720	54.192	2.193
13.730	53.799	2.114
13.740	54.193	2.034
13.750	54.192	1.954
13.760	54.192	1.874
13.770	54.192	1.795
13.780	54.192	1.718
13.790	53.800	1.642
13.800	54.192	1.569
13.810	53.799	1.498
13.820	53.800	1.430
13.830	53.799	1.367
13.840	53.800	1.307
13.850	53.800	1.251
13.860	53.799	1.201
13.870	53.407	1.155
13.880	53.407	1.115
13.890	53.014	1.081
13.900	53.014	1.052
13.910	53.014	1.030
13.920	53.014	1.014
13.930	52.622	1.004
13.940	52.621	1.000
13.950	52.229	1.003
13.960	52.229	1.012
13.970	52.229	1.028
13.980	52.229	1.049
13.990	52.229	1.077
14.000	51.836	1.111
14.010	51.836	1.150
14.020	51.444	1.195
14.030	51.443	1.245
14.040	51.443	1.300
14.050	51.443	1.359
14.060	51.443	1.423
14.070	51.051	1.490
14.080	51.444	1.560
14.090	51.051	1.633
14.100	51.051	1.709
14.110	51.051	1.786
14.120	51.051	1.865
14.130	51.051	1.945
14.140	51.051	2.024
14.150	51.051	2.104
14.160	51.051	2.183
14.170	51.051	2.261
14.180	51.051	2.338
14.190	51.051	2.412
14.200	51.051	2.483
14.210	51.443	2.552
14.220	51.443	2.617
14.230	51.443	2.678
14.240	51.443	2.734
14.250	51.836	2.786
14.260	51.836	2.833
14.270	51.836	2.875
14.280	51.836	2.911
14.290	51.836	2.941
14.300	52.229	2.965
14.310	52.229	2.983
14.320	52.621	2.994
14.330	52.229	3.000
14.340	53.014	2.999
14.350	52.622	2.991
14.360	53.014	2.977
14.370	53.014	2.957
14.380	53.407	2.931
14.390	53.014	2.899
14.400	53.407	2.861
14.410	53.800	2.817
14.420	53.407	2.769
14.430	53.800	2.715
14.440	53.799	2.657
14.450	53.800	2.595
14.460	53.799	2.529
14.470	54.192	2.459
14.480	54.192	2.387
14.490	53.800	2.312
14.500	54.192	2.235
14.510	54.192	2.156
14.520	54.192	2.077
14.530	54.192	1.997
14.540	54.193	1.917
14.550	53.799	1.838
14.560	54.192	1.759
14.570	54.192	1.683
14.580	53.800	1.608
14.590	54.192	1.536
14.600	53.799	1.466
14.610	53.800	1.400
14.620	53.799	1.338
14.630	53.800	1.281
14.640	53.407	1.227
14.650	53.799	1.179
14.660	53.014	1.136
14.670	53.407	1.099
14.680	53.014	1.067
14.690	53.014	1.041
14.700	53.014	1.022
14.710	52.621	1.008
14.720	52.621	1.001
14.730	52.622	1.001
14.740	52.621	1.006
14.750	52.229	1.018
14.760	51.836	1.037
14.770	52.229	1.061
14.780	51.836	1.092
14.790	51.836	1.128
14.800	51.443	1.170
14.810	51.836	1.218
14.820	51.443	1.270
14.830	51.443	1.327
14.840	51.443	1.388
14.850	51.051	1.453
14.860	51.443	1.522
14.870	51.051	1.594
14.880	51.051	1.668
14.890	51.051	1.744
14.900	51.051	1.822
14.910	51.051	1.902
14.920	51.051	1.981
14.930	50.658	2.061
14.940	51.443	2.141
14.950	51.051	2.220
14.960	51.051	2.297
14.970	51.051	2.372
14.980	51.443	2.445
14.990	51.051	2.515
15.000	51.443	2.582
15.010	51.443	2.645
15.020	51.443	2.704
15.030	51.443	2.759
15.040	51.836	2.808
15.050	51.836	2.853
15.060	51.836	2.892
15.070	52.229	2.925
15.080	52.229	2.953
15.090	51.836	2.974
15.100	52.622	2.989
15.110	52.621	2.998
15.120	52.622	3.000
15.130	52.622	2.996
15.140	53.014	2.985
15.150	53.014	2.969
15.160	53.014	2.946
15.170	53.014	2.917
15.180	53.407	2.882
15.190	53.407	2.842
15.200	53.799	2.796
15.210	53.800	2.745
15.220	53.800	2.689
15.230	53.800	2.629
15.240	53.800	2.565
15.250	54.192	2.497
15.260	53.800	2.426
15.270	54.193	2.352
15.280	54.192	2.276
15.290	53.800	2.199
15.300	54.585	2.120
15.310	54.192	2.040
15.320	54.192	1.960
15.330	54.192	1.880
15.340	54.193	1.801
15.350	54.192	1.724
15.360	54.192	1.648
15.370	53.800	1.574
15.380	54.193	1.503
15.390	53.800	1.435
15.400	53.799	1.371
15.410	53.800	1.311
15.420	53.800	1.255
15.430	53.407	1.204
15.440	53.800	1.159
15.450	53.014	1.118
15.460	53.407	1.083
15.470	53.014	1.054
15.480	53.014	1.031
15.490	53.014	1.015
15.500	52.622	1.004
15.510	52.621	1.000
15.520	52.229	1.002
15.530	52.622	1.011
15.540	52.229	1.026
15.550	51.836	1.047
15.560	52.229	1.075
15.570	51.836	1.108
15.580	51.836	1.147
15.590	51.444	1.191
15.600	51.836	1.241
15.610	51.444	1.296
15.620	51.443	1.355
15.630	51.051	1.418
15.640	51.443	1.484
15.650	51.051	1.555
15.660	51.443	1.628
15.670	51.051	1.703
15.680	51.051	1.780
15.690	51.051	1.859
15.700	51.051	1.938
15.710	51.051	2.018
15.720	51.051	2.098
15.730	51.051	2.177
15.740	51.051	2.256
15.750	51.051	2.332
15.760	51.051	2.406
15.770	51.051	2.478
15.780	51.444	2.547
15.790	51.443	2.612
15.800	51.444	2.673
15.810	51.443	2.730
15.820	51.444	2.782
15.830	51.836	2.830
15.840	51.836	2.872
15.850	51.836	2.908
15.860	51.836	2.939
15.870	52.229	2.963
15.880	52.229	2.982
15.890	52.622	2.994
15.900	52.622	2.999
15.910	52.622	2.999
15.920	53.014	2.992
15.930	52.622	2.979
15.940	53.014	2.959
15.950	53.014	2.933
15.960	53.407	2.901
15.970	53.407	2.864
15.980	53.407	2.821
15.990	53.407	2.773
16.000	53.800	2.720
16.010	53.800	2.662
16.020	53.800	2.600
16.030	53.800	2.534
16.040	54.192	2.465
16.050	54.192	2.392
16.060	53.800	2.318
16.070	54.192	2.241
16.080	54.192	2.162
16.090	54.193	2.083
16.100	53.800	2.003
16.110	54.193	1.923
16.120	54.192	1.844
16.130	54.192	1.765
16.140	54.193	1.688
16.150	53.800	1.613
16.160	54.192	1.541
16.170	53.800	1.471
16.180	53.800	1.405
16.190	53.800	1.343
16.200	53.407	1.285
16.210	53.800	1.231
16.220	53.407	1.183
16.230	53.407	1.139
16.240	53.014	1.101
16.250	53.014	1.069
16.260	53.014	1.043
16.270	53.014	1.023
16.280	52.622	1.009
16.290	52.622	1.001
16.300	52.622	1.000
16.310	52.229	1.006
16.320	52.229	1.017
16.330	52.229	1.035
16.340	51.836	1.059
16.350	51.836	1.089
16.360	51.836	1.125
16.370	51.836	1.167
16.380	51.444	1.214
16.390	51.444	1.266
16.400	51.444	1.322
16.410	51.444	1.383
16.420	51.051	1.448
16.430	51.051	1.517
16.440	51.444	1.588
16.450	50.658	1.662
16.460	51.444	1.738
16.470	50.658	1.816
16.480	51.051	1.896
16.490	51.051	1.975
16.500	51.051	2.055
16.510	51.051	2.135
16.520	51.051	2.214
16.530	51.051	2.291
16.540	51.051	2.367
16.550	51.051	2.440
16.560	51.444	2.510
16.570	51.051	2.577
16.580	51.444	2.641
16.590	51.444	2.700
16.600	51.444	2.755
16.610	51.444	2.805
16.620	51.836	2.850
16.630	51.836	2.889
16.640	51.836	2.923
16.650	52.229	2.951
16.660	52.229	2.972
16.670	52.229	2.988
16.680	52.622	2.997
16.690	52.622	3.000
16.700	52.622	2.996
16.710	52.622	2.986
16.720	53.014	2.970
16.730	53.014	2.948
16.740	53.014	2.919
16.750	53.407	2.885
16.760	53.407	2.845
16.770	53.407	2.799
16.780	53.800	2.749
16.790	53.800	2.693
16.800	53.800	2.634
16.810	53.800	2.570
16.820	53.800	2.502
16.830	54.193	2.432
16.840	53.800	2.358
16.850	54.193	2.282
16.860	53.800	2.205
16.870	54.192	2.126
16.880	54.193	2.046
16.890	54.193	1.966
16.900	54.192	1.886
16.910	54.192	1.807
16.920	54.193	1.730
16.930	53.800	1.653
16.940	54.192	1.580
16.950	53.800	1.508
16.960	53.800	1.440
16.970	53.800	1.376
16.980	53.800	1.316
16.990	53.799	1.259
17.000	53.407	1.208
17.010	53.407	1.162
17.020	53.407	1.121
17.030	53.014	1.086
17.040	53.014	1.056
17.050	53.014	1.033
17.060	53.014	1.016
17.070	52.621	1.005
17.080	52.622	1.000
17.090	52.229	1.002
17.100	52.622	1.010
17.110	52.229	1.025
17.120	51.836	1.046
17.130	51.836	1.072
17.140	51.836	1.105
17.150	51.836	1.144
17.160	51.836	1.188
17.170	51.444	1.237
17.180	51.443	1.291
17.190	51.051	1.350
17.200	51.443	1.413
17.210	51.051	1.479
17.220	51.443	1.549
17.230	51.051	1.622
17.240	51.051	1.697
17.250	51.051	1.774
17.260	51.051	1.853
17.270	50.658	1.932
17.280	51.051	2.012
17.290	51.051	2.092
17.300	51.051	2.171
17.310	50.658	2.250
17.320	51.051	2.326
17.330	51.051	2.401
17.340	51.444	2.473
17.350	51.051	2.542
17.360	51.444	2.607
17.370	51.443	2.669
17.380	51.443	2.726
17.390	51.443	2.779
17.400	51.444	2.826
17.410	51.836	2.869
17.420	51.836	2.905
17.430	51.836	2.936
17.440	52.229	2.961
17.450	52.229	2.980
17.460	52.229	2.993
17.470	52.622	2.999
17.480	52.621	2.999
17.490	52.622	2.993
17.500	53.014	2.980
17.510	53.014	2.961
17.520	53.015	2.935
17.530	53.014	2.904
17.540	53.407	2.867
17.550	53.407	2.824
17.560	53.407	2.777
17.570	53.799	2.724
17.580	53.800	2.666
17.590	53.799	2.605
17.600	53.799	2.539
17.610	53.800	2.470
17.620	54.192	2.398
17.630	53.800	2.323
17.640	54.192	2.247
17.650	53.799	2.168
17.660	54.192	2.089
17.670	54.192	2.009
17.680	53.800	1.929
17.690	54.192	1.850
17.700	53.799	1.771
17.710	54.193	1.694
17.720	54.192	1.619
17.730	53.799	1.546
17.740	53.800	1.477
17.750	53.799	1.410
17.760	53.800	1.348
17.770	53.407	1.289
17.780	53.407	1.235
17.790	53.407	1.186
17.800	53.407	1.142
17.810	53.015	1.104
17.820	53.014	1.071
17.830	53.014	1.045
17.840	53.014	1.024
17.850	52.621	1.010
17.860	52.621	1.002
17.870	52.229	1.000
17.880	52.229	1.005
17.890	52.229	1.016
17.900	52.229	1.034
17.910	51.836	1.057
17.920	51.836	1.087
17.930	51.836	1.122
17.940	51.443	1.164
17.950	51.443	1.210
17.960	51.443	1.262
17.970	51.443	1.318
17.980	51.051	1.378
17.990	51.051	1.443
18.000	51.443	1.511
18.010	50.658	1.582
18.020	51.051	1.656
18.030	51.051	1.733
18.040	50.658	1.810
18.050	51.051	1.890
18.060	51.051	1.969
18.070	51.051	2.049
18.080	50.658	2.129
18.090	51.051	2.208
18.100	51.051	2.285
18.110	51.051	2.361
18.120	51.051	2.434
18.130	51.051	2.505
18.140	51.051	2.572
18.150	51.443	2.636
18.160	51.443	2.696
18.170	51.443	2.751
18.180	51.444	2.801
18.190	51.836	2.846
18.200	51.836	2.886
18.210	51.836	2.920
18.220	51.836	2.949
18.230	52.229	2.971
18.240	52.229	2.987
18.250	52.621	2.997
18.260	52.229	3.000
18.270	52.621	2.997
18.280	53.014	2.987
18.290	52.622	2.972
18.300	53.407	2.950
18.310	53.014	2.922
18.320	53.407	2.888
18.330	53.407	2.848
18.340	53.407	2.803
18.350	53.407	2.753
18.360	53.800	2.698
18.370	53.407	2.638
18.380	53.800	2.575
18.390	54.192	2.507
18.400	53.799	2.437
18.410	53.800	2.364
18.420	54.192	2.288
18.430	54.192	2.211
18.440	54.192	2.132
18.450	53.800	2.052
18.460	54.192	1.972
18.470	54.192	1.892
18.480	54.192	1.813
18.490	54.192	1.735
18.500	53.800	1.659
18.510	53.799	1.585
18.520	54.192	1.514
18.530	53.800	1.445
18.540	53.799	1.381
18.550	53.800	1.320
18.560	53.407	1.264
18.570	53.799	1.212
18.580	53.407	1.165
18.590	53.014	1.124
18.600	53.407	1.088
18.610	53.014	1.058
18.620	52.622	1.034
18.630	53.014	1.017
18.640	52.621	1.005
18.650	52.621	1.000
18.660	52.229	1.002
18.670	52.229	1.009
18.680	52.229	1.023
18.690	52.229	1.044
18.700	51.836	1.070
18.710	51.836	1.103
18.720	51.836	1.141
18.730	51.444	1.184
18.740	51.443	1.233
18.750	51.443	1.287
18.760	51.443	1.345
18.770	51.051	1.408
18.780	51.443	1.474
18.790	51.051	1.544
18.800	51.051	1.616
18.810	51.051	1.691
18.820	51.051	1.768
18.830	50.658	1.847
18.840	51.051	1.926
18.850	51.051	2.006
18.860	50.658	2.086
18.870	51.051	2.165
18.880	51.051	2.244
18.890	51.051	2.320
18.900	51.051	2.395
18.910	51.051	2.467
18.920	51.051	2.536
18.930	51.443	2.602
18.940	51.443	2.664
18.950	51.443	2.722
18.960	51.443	2.775
18.970	51.443	2.823
18.980	51.836	2.866
18.990	51.836	2.903
19.000	51.836	2.934
19.010	52.229	2.960
19.020	52.229	2.979
19.030	52.229	2.992
19.040	52.621	2.999
19.050	52.621	2.999
19.060	52.621	2.993
19.070	52.622	2.981
19.080	53.014	2.962
19.090	53.014	2.937
19.100	53.407	2.907
19.110	53.014	2.870
19.120	53.407	2.828
19.130	53.407	2.780
19.140	53.799	2.728
19.150	53.800	2.671
19.160	53.799	2.609
19.170	53.800	2.544
19.180	53.799	2.475
19.190	54.192	2.403
19.200	53.800	2.329
19.210	54.192	2.253
19.220	53.799	2.174
19.230	54.192	2.095
19.240	54.193	2.015
19.250	53.799	1.935
19.260	54.192	1.856
19.270	53.800	1.777
19.280	54.192	1.700
19.290	54.192	1.625
19.300	53.799	1.552
19.310	53.800	1.482
19.320	53.799	1.415
19.330	53.800	1.352
19.340	53.407	1.293
19.350	53.407	1.239
19.360	53.407	1.190
19.370	53.407	1.145
19.380	53.407	1.107
19.390	53.014	1.074
19.400	53.014	1.046
19.410	52.622	1.025
19.420	53.014	1.011
19.430	52.229	1.002
19.440	52.622	1.000
19.450	52.229	1.004
19.460	52.229	1.015
19.470	52.229	1.032
19.480	51.836	1.055
19.490	51.836	1.084
19.500	51.836	1.120
19.510	51.836	1.160
19.520	51.443	1.206
19.530	51.443	1.257
19.540	51.443	1.313
19.550	51.051	1.374
19.560	51.444	1.438
19.570	51.051	1.506
19.580	51.051	1.577
19.590	51.051	1.651
19.600	51.051	1.727
19.610	50.658	1.804
19.620	51.051	1.883
19.630	51.051	1.963
19.640	51.051	2.043
19.650	51.051	2.123
19.660	50.658	2.202
19.670	51.443	2.279
19.680	51.051	2.355
19.690	51.051	2.429
19.700	51.051	2.500
19.710	51.051	2.567
19.720	51.443	2.631
19.730	51.443	2.691
19.740	51.443	2.747
19.750	51.444	2.798
19.760	51.836	2.843
19.770	51.836	2.883
19.780	51.836	2.918
19.790	52.229	2.947
19.800	52.229	2.970
19.810	52.229	2.986
19.820	52.229	2.996
19.830	52.622	3.000
19.840	52.621	2.997
19.850	53.014	2.988
19.860	52.621	2.973
19.870	53.014	2.952
19.880	53.407	2.924
19.890	53.407	2.890
19.900	53.407	2.851
19.910	53.407	2.807
19.920	53.407	2.757
19.930	53.799	2.702
19.940	53.800	2.643
19.950	53.799	2.580
19.960	53.800	2.513
19.970	54.192	2.442
19.980	54.192	2.369
19.990	53.800	2.294
20.000	54.192	2.217
