0.000	30.000	-0.393	10.000	30.393
0.010	30.000	0.785	10.000	29.215
0.020	30.000	1.963	10.000	28.037
0.030	30.000	3.534	10.000	26.466
0.040	30.000	4.712	10.000	25.288
0.050	30.000	6.283	10.000	23.717
0.060	30.000	7.461	10.000	22.539
0.070	30.000	9.032	10.000	20.968
0.080	30.000	10.210	10.000	19.790
0.090	30.000	11.781	10.000	18.219
0.100	30.000	12.959	10.000	17.041
0.110	30.000	14.137	10.000	15.863
0.120	30.000	15.708	9.826	14.292
0.130	30.000	16.886	9.685	13.114
0.140	30.000	18.064	9.523	11.936
0.150	30.000	19.242	9.340	10.758
0.160	30.000	20.813	9.003	9.187
0.170	30.000	21.598	8.902	8.402
0.180	30.000	22.777	8.656	7.223
0.190	30.000	23.562	8.520	6.438
0.200	30.000	25.133	8.105	4.867
0.210	30.000	25.525	8.060	4.475
0.220	30.000	26.704	7.742	3.296
0.230	30.000	27.882	7.403	2.118
0.240	30.000	28.667	7.176	1.333
0.250	30.000	29.452	6.935	0.548
0.260	30.000	30.238	6.679	-0.238
0.270	30.000	31.023	6.409	-1.023
0.280	30.000	31.416	6.258	-1.416
0.290	30.000	32.594	5.834	-2.594
0.300	30.000	33.379	5.522	-3.379
0.310	30.000	33.379	5.461	-3.379
0.320	30.000	34.165	5.135	-4.165
0.330	30.000	34.950	4.795	-4.950
0.340	30.000	35.343	4.573	-5.343
0.350	30.000	35.736	4.344	-5.736
0.360	30.000	36.128	4.108	-6.128
0.370	30.000	36.521	3.865	-6.521
0.380	30.000	36.914	3.615	-6.914
0.390	30.000	37.306	3.358	-7.306
0.400	30.000	37.306	3.226	-7.306
0.410	30.000	37.699	2.962	-7.699
0.420	30.000	38.092	2.691	-8.092
0.430	30.000	38.092	2.545	-8.092
0.440	30.000	38.485	2.266	-8.485
0.450	30.000	38.484	2.114	-8.484
0.460	30.000	38.877	1.828	-8.877
0.470	30.000	38.485	1.801	-8.485
0.480	30.000	38.484	1.649	-8.484
0.490	30.000	39.270	1.230	-9.270
0.500	30.000	38.877	1.196	-8.877
0.510	30.000	38.877	1.036	-8.877
0.520	30.000	38.484	1.009	-8.484
0.530	30.000	38.877	0.724	-8.877
0.540	30.000	38.877	0.564	-8.877
0.550	30.000	38.484	0.537	-8.484
0.560	30.000	38.877	0.252	-8.877
0.570	30.000	38.092	0.357	-8.092
0.580	30.000	38.484	0.079	-8.484
0.590	30.000	38.485	-0.074	-8.485
0.600	30.000	38.092	-0.094	-8.092
0.610	30.000	38.092	-0.239	-8.092
0.620	30.000	37.699	-0.252	-7.699
0.630	30.000	37.699	-0.391	-7.699
0.640	30.000	37.306	-0.397	-7.306
0.650	30.000	37.306	-0.528	-7.306
0.660	30.000	36.914	-0.527	-6.914
0.670	30.000	36.521	-0.519	-6.521
0.680	30.000	36.521	-0.636	-6.521
0.690	30.000	36.128	-0.621	-6.128
0.700	30.000	36.128	-0.731	-6.128
0.710	30.000	35.343	-0.576	-5.343
0.720	30.000	35.343	-0.672	-5.343
0.730	30.000	34.950	-0.636	-4.950
0.740	30.000	34.950	-0.725	-4.950
0.750	30.000	34.558	-0.681	-4.558
0.760	30.000	34.558	-0.763	-4.558
0.770	30.000	33.772	-0.580	-3.772
0.780	30.000	33.772	-0.648	-3.772
0.790	30.000	33.772	-0.715	-3.772
0.800	30.000	32.987	-0.518	-2.987
0.810	30.000	32.987	-0.572	-2.987
0.820	30.000	32.987	-0.625	-2.987
0.830	30.000	32.594	-0.546	-2.594
0.840	30.000	32.201	-0.460	-2.201
0.850	30.000	32.201	-0.500	-2.201
0.860	30.000	31.808	-0.407	-1.808
0.870	30.000	31.416	-0.307	-1.416
0.880	30.000	31.416	-0.332	-1.416
0.890	30.000	31.416	-0.358	-1.416
0.900	30.000	31.023	-0.250	-1.023
0.910	30.000	30.630	-0.136	-0.630
0.920	30.000	30.631	-0.148	-0.631
0.930	30.000	30.630	-0.159	-0.630
0.940	30.000	30.238	-0.037	-0.238
0.950	30.000	30.630	-0.174	-0.630
0.960	30.000	29.845	0.080	0.155
0.970	30.000	30.238	-0.050	-0.238
0.980	30.000	29.845	0.078	0.155
0.990	30.000	29.845	0.081	0.155
1.000	30.000	29.453	0.216	0.547
1.010	30.000	29.845	0.094	0.155
1.020	30.000	29.453	0.229	0.547
1.030	30.000	29.452	0.239	0.548
1.040	30.000	29.453	0.249	0.547
1.050	30.000	29.452	0.259	0.548
1.060	30.000	29.060	0.401	0.940
1.070	30.000	29.060	0.418	0.940
1.080	30.000	29.060	0.435	0.940
1.090	30.000	29.060	0.452	0.940
1.100	30.000	28.667	0.602	1.333
1.110	30.000	29.060	0.493	0.940
1.120	30.000	28.667	0.643	1.333
1.130	30.000	28.667	0.667	1.333
1.140	30.000	29.060	0.558	0.940
1.150	30.000	28.667	0.707	1.333
1.160	30.000	28.667	0.731	1.333
1.170	30.000	28.667	0.755	1.333
1.180	30.000	28.667	0.779	1.333
1.190	30.000	28.667	0.803	1.333
1.200	30.000	28.275	0.960	1.725
1.210	30.000	28.667	0.859	1.333
1.220	30.000	28.667	0.883	1.333
1.230	30.000	28.667	0.907	1.333
1.240	30.000	28.667	0.931	1.333
1.250	30.000	28.667	0.954	1.333
1.260	30.000	28.667	0.978	1.333
1.270	30.000	28.667	1.002	1.333
1.280	30.000	28.667	1.026	1.333
1.290	30.000	28.274	1.183	1.726
1.300	30.000	28.667	1.082	1.333
1.310	30.000	29.060	0.973	0.940
1.320	30.000	28.667	1.123	1.333
1.330	30.000	28.667	1.146	1.333
1.340	30.000	28.667	1.170	1.333
1.350	30.000	28.667	1.194	1.333
1.360	30.000	28.667	1.218	1.333
1.370	30.000	29.060	1.110	0.940
1.380	30.000	29.060	1.127	0.940
1.390	30.000	28.667	1.276	1.333
1.400	30.000	29.060	1.168	0.940
1.410	30.000	29.060	1.185	0.940
1.420	30.000	29.060	1.201	0.940
1.430	30.000	29.060	1.218	0.940
1.440	30.000	29.060	1.235	0.940
1.450	30.000	29.060	1.252	0.940
1.460	30.000	29.453	1.136	0.547
1.470	30.000	29.060	1.279	0.940
1.480	30.000	29.060	1.296	0.940
1.490	30.000	29.453	1.180	0.547
1.500	30.000	29.453	1.190	0.547
1.510	30.000	29.060	1.333	0.940
1.520	30.000	29.845	1.084	0.155
1.530	30.000	29.453	1.219	0.547
1.540	30.000	29.453	1.229	0.547
1.550	30.000	29.453	1.239	0.547
1.560	30.000	29.453	1.249	0.547
1.570	30.000	29.452	1.259	0.548
1.580	30.000	29.845	1.136	0.155
1.590	30.000	29.452	1.272	0.548
1.600	30.000	29.845	1.149	0.155
1.610	30.000	29.452	1.284	0.548
1.620	30.000	29.845	1.161	0.155
1.630	30.000	29.845	1.164	0.155
1.640	30.000	29.845	1.167	0.155
1.650	30.000	29.845	1.170	0.155
1.660	30.000	29.845	1.173	0.155
1.670	30.000	29.845	1.175	0.155
1.680	30.000	30.238	1.045	-0.238
1.690	30.000	29.845	1.174	0.155
1.700	30.000	30.238	1.044	-0.238
1.710	30.000	29.845	1.172	0.155
1.720	30.000	30.238	1.042	-0.238
1.730	30.000	29.845	1.171	0.155
1.740	30.000	30.238	1.041	-0.238
1.750	30.000	29.845	1.169	0.155
1.760	30.000	30.238	1.039	-0.238
1.770	30.000	30.238	1.035	-0.238
1.780	30.000	30.238	1.031	-0.238
1.790	30.000	29.845	1.159	0.155
1.800	30.000	30.238	1.029	-0.238
1.810	30.000	30.238	1.025	-0.238
1.820	30.000	30.630	0.888	-0.630
1.830	30.000	29.845	1.142	0.155
1.840	30.000	30.238	1.012	-0.238
1.850	30.000	30.630	0.875	-0.630
1.860	30.000	30.238	0.997	-0.238
1.870	30.000	30.238	0.992	-0.238
1.880	30.000	30.238	0.988	-0.238
1.890	30.000	30.238	0.984	-0.238
1.900	30.000	30.238	0.979	-0.238
1.910	30.000	30.238	0.975	-0.238
1.920	30.000	30.238	0.971	-0.238
1.930	30.000	30.238	0.967	-0.238
1.940	30.000	30.238	0.962	-0.238
1.950	30.000	30.238	0.958	-0.238
1.960	30.000	30.630	0.821	-0.630
1.970	30.000	30.238	0.942	-0.238
1.980	30.000	29.845	1.071	0.155
1.990	30.000	30.238	0.941	-0.238